3,-6,27,-192,1695,-17064,188454,-2228160,27748899,-360012150
3,-6,27,-192,1695,-17064,188454,-2228160,27748899,-360012150
3,-6,27,-192,1695,-17064,188454,-2228160,27748899,-360012150
3,-6,27,-192,1695,-17064,188454,-2228160,27748899,-360012150
3,-6,27,-192,1695,-17064,188454,-2228160,27748899,-360012150
3,-6,27,-192,1695,-17064,188454,-2228160,27748899,-360012150
3,-6,27,-192,1695,-17064,188454,-2228160,27748899,-360012150
3,-6,27,-192,1695,-17064,188454,-2228160,27748899,-360012150
3,-6,27,-192,1695,-17064,188454,-2228160,27748899,-360012150
3,-6,27,-192,1695,-17064,188454,-2228160,27748899,-360012150
3,-6,27,-192,1695,-17064,188454,-2228160,27748899,-360012150
3,-6,27,-192,1695,-17064,188454,-2228160,27748899,-360012150
3,-6,27,-192,1695,-17064,188454,-2228160,27748899,-360012150
3,-6,27,-192,1695,-17064,188454,-2228160,27748899,-360012150
3,-6,27,-192,1695,-17064,188454,-2228160,27748899,-360012150
3,-6,27,-192,1695,-17064,188454,-2228160,27748899,-360012150
3,-6,27,-192,1695,-17064,188454,-2228160,27748899,-360012150
3,-6,27,-192,1695,-17064,188454,-2228160,27748899,-360012150
3,-6,27,-192,1695,-17064,188454,-2228160,27748899,-360012150
3,-6,27,-192,1695,-17064,188454,-2228160,27748899,-360012150
-4,-32,-756,-27264,-1252040,-67008672,-3986927140,-256351767040,-17489519861976,-1250347053328960
3,-6,27,-192,1695,-17064,188454,-2228160,27748899,-360012150
-4,-32,-756,-27264,-1252040,-67008672,-3986927140,-256351767040,-17489519861976,-1250347053328960
3,-6,27,-192,1695,-17064,188454,-2228160,27748899,-360012150
3,-6,27,-192,1695,-17064,188454,-2228160,27748899,-360012150
3,-6,27,-192,1695,-17064,188454,-2228160,27748899,-360012150
5,-110,6885,-672000,83508575,-12094519140,1947142107715,-338737148734400,62523355202658900,-12092288273835858400
3,-6,27,-192,1695,-17064,188454,-2228160,27748899,-360012150
3,-6,27,-192,1695,-17064,188454,-2228160,27748899,-360012150
5,-110,6885,-672000,83508575,-12094519140,1947142107715,-338737148734400,62523355202658900,-12092288273835858400
5,-110,6885,-672000,83508575,-12094519140,1947142107715,-338737148734400,62523355202658900,-12092288273835858400
-4,-32,-756,-27264,-1252040,-67008672,-3986927140,-256351767040,-17489519861976,-1250347053328960
5,-110,6885,-672000,83508575,-12094519140,1947142107715,-338737148734400,62523355202658900,-12092288273835858400
5,-110,6885,-672000,83508575,-12094519140,1947142107715,-338737148734400,62523355202658900,-12092288273835858400
3,-6,27,-192,1695,-17064,188454,-2228160,27748899,-360012150
3,-6,27,-192,1695,-17064,188454,-2228160,27748899,-360012150
3,-6,27,-192,1695,-17064,188454,-2228160,27748899,-360012150
3,-6,27,-192,1695,-17064,188454,-2228160,27748899,-360012150
5,-110,6885,-672000,83508575,-12094519140,1947142107715,-338737148734400,62523355202658900,-12092288273835858400
3,-6,27,-192,1695,-17064,188454,-2228160,27748899,-360012150
5,-110,6885,-672000,83508575,-12094519140,1947142107715,-338737148734400,62523355202658900,-12092288273835858400
3,-6,27,-192,1695,-17064,188454,-2228160,27748899,-360012150
-4,-32,-756,-27264,-1252040,-67008672,-3986927140,-256351767040,-17489519861976,-1250347053328960
-6,-288,-40338,-8757888,-2423174610,-781757904960,-280428292929288,-108716133619591680,-44722190213861173848,-19278245712836560038720
3,-6,27,-192,1695,-17064,188454,-2228160,27748899,-360012150
3,-6,27,-192,1695,-17064,188454,-2228160,27748899,-360012150
3,-6,27,-192,1695,-17064,188454,-2228160,27748899,-360012150
7,-644,171801,-71340864,37754196305,-23296681329642,15983776721912951,-11851718998725330816,9324692402627619606204,-7687727738910484821999170
7,-644,171801,-71340864,37754196305,-23296681329642,15983776721912951,-11851718998725330816,9324692402627619606204,-7687727738910484821999170
5,-110,6885,-672000,83508575,-12094519140,1947142107715,-338737148734400,62523355202658900,-12092288273835858400
3,-6,27,-192,1695,-17064,188454,-2228160,27748899,-360012150
3,-6,27,-192,1695,-17064,188454,-2228160,27748899,-360012150
5,-110,6885,-672000,83508575,-12094519140,1947142107715,-338737148734400,62523355202658900,-12092288273835858400
-6,-288,-40338,-8757888,-2423174610,-781757904960,-280428292929288,-108716133619591680,-44722190213861173848,-19278245712836560038720
-6,-288,-40338,-8757888,-2423174610,-781757904960,-280428292929288,-108716133619591680,-44722190213861173848,-19278245712836560038720
3,-6,27,-192,1695,-17064,188454,-2228160,27748899,-360012150
5,-110,6885,-672000,83508575,-12094519140,1947142107715,-338737148734400,62523355202658900,-12092288273835858400
7,-644,171801,-71340864,37754196305,-23296681329642,15983776721912951,-11851718998725330816,9324692402627619606204,-7687727738910484821999170
3,-6,27,-192,1695,-17064,188454,-2228160,27748899,-360012150
3,-6,27,-192,1695,-17064,188454,-2228160,27748899,-360012150
5,-110,6885,-672000,83508575,-12094519140,1947142107715,-338737148734400,62523355202658900,-12092288273835858400
3,-6,27,-192,1695,-17064,188454,-2228160,27748899,-360012150
7,-644,171801,-71340864,37754196305,-23296681329642,15983776721912951,-11851718998725330816,9324692402627619606204,-7687727738910484821999170
-8,-1280,-597888,-434054144,-401685456600,-433490796251136,-520183566118648264,-674629646881575636992,-928399765765871170778184,-1338816739107536313152945920
-8,-1280,-597888,-434054144,-401685456600,-433490796251136,-520183566118648264,-674629646881575636992,-928399765765871170778184,-1338816739107536313152945920
7,-644,171801,-71340864,37754196305,-23296681329642,15983776721912951,-11851718998725330816,9324692402627619606204,-7687727738910484821999170
-4,-32,-756,-27264,-1252040,-67008672,-3986927140,-256351767040,-17489519861976,-1250347053328960
7,-644,171801,-71340864,37754196305,-23296681329642,15983776721912951,-11851718998725330816,9324692402627619606204,-7687727738910484821999170
9,-2340,1773009,-2090829888,3143084819175,-5509945745601192,10740410357293409877,-22626896331064970086272,50581094899093748604708840,-118485810026952808530941185230
3,-6,27,-192,1695,-17064,188454,-2228160,27748899,-360012150
-6,-288,-40338,-8757888,-2423174610,-781757904960,-280428292929288,-108716133619591680,-44722190213861173848,-19278245712836560038720
3,-6,27,-192,1695,-17064,188454,-2228160,27748899,-360012150
-10,-4000,-4675050,-8499459200,-19700057286250,-53249655299804640,-160051064713047449550,-519920176225361681625600,-1792162509914433782659526460,-6473440647540021708395245108000
-6,-288,-40338,-8757888,-2423174610,-781757904960,-280428292929288,-108716133619591680,-44722190213861173848,-19278245712836560038720
-6,-288,-40338,-8757888,-2423174610,-781757904960,-280428292929288,-108716133619591680,-44722190213861173848,-19278245712836560038720
7,-644,171801,-71340864,37754196305,-23296681329642,15983776721912951,-11851718998725330816,9324692402627619606204,-7687727738910484821999170
5,-110,6885,-672000,83508575,-12094519140,1947142107715,-338737148734400,62523355202658900,-12092288273835858400
-6,-288,-40338,-8757888,-2423174610,-781757904960,-280428292929288,-108716133619591680,-44722190213861173848,-19278245712836560038720
3,-6,27,-192,1695,-17064,188454,-2228160,27748899,-360012150
9,-2340,1773009,-2090829888,3143084819175,-5509945745601192,10740410357293409877,-22626896331064970086272,50581094899093748604708840,-118485810026952808530941185230
-10,-4000,-4675050,-8499459200,-19700057286250,-53249655299804640,-160051064713047449550,-519920176225361681625600,-1792162509914433782659526460,-6473440647540021708395245108000
3,-6,27,-192,1695,-17064,188454,-2228160,27748899,-360012150
3,-6,27,-192,1695,-17064,188454,-2228160,27748899,-360012150
11,-6490,11181159,-29982336384,102499804788425,-408654039915893574,1811678978829088007947,-8680457726078740880046912,44133259360284137995159182876,-235128772303427094722181850865930
-8,-1280,-597888,-434054144,-401685456600,-433490796251136,-520183566118648264,-674629646881575636992,-928399765765871170778184,-1338816739107536313152945920
-32,-25216,-57601440,-204185985536,-921617162495840,-4847695757158847616,-28340691212377390063392,-179011757448752704107808768,-1199534626316635545932899584480,-8421379710633786481571049621060480
5,-110,6885,-672000,83508575,-12094519140,1947142107715,-338737148734400,62523355202658900,-12092288273835858400
3,-6,27,-192,1695,-17064,188454,-2228160,27748899,-360012150
-4,-32,-756,-27264,-1252040,-67008672,-3986927140,-256351767040,-17489519861976,-1250347053328960
-32,-25216,-57601440,-204185985536,-921617162495840,-4847695757158847616,-28340691212377390063392,-179011757448752704107808768,-1199534626316635545932899584480,-8421379710633786481571049621060480
5,-110,6885,-672000,83508575,-12094519140,1947142107715,-338737148734400,62523355202658900,-12092288273835858400
-32,-25216,-57601440,-204185985536,-921617162495840,-4847695757158847616,-28340691212377390063392,-179011757448752704107808768,-1199534626316635545932899584480,-8421379710633786481571049621060480
9,-2340,1773009,-2090829888,3143084819175,-5509945745601192,10740410357293409877,-22626896331064970086272,50581094899093748604708840,-118485810026952808530941185230
-32,-25216,-57601440,-204185985536,-921617162495840,-4847695757158847616,-28340691212377390063392,-179011757448752704107808768,-1199534626316635545932899584480,-8421379710633786481571049621060480
-32,-25216,-57601440,-204185985536,-921617162495840,-4847695757158847616,-28340691212377390063392,-179011757448752704107808768,-1199534626316635545932899584480,-8421379710633786481571049621060480
9,-2340,1773009,-2090829888,3143084819175,-5509945745601192,10740410357293409877,-22626896331064970086272,50581094899093748604708840,-118485810026952808530941185230
3,-6,27,-192,1695,-17064,188454,-2228160,27748899,-360012150
3,-6,27,-192,1695,-17064,188454,-2228160,27748899,-360012150
3,-6,27,-192,1695,-17064,188454,-2228160,27748899,-360012150
-32,-25216,-57601440,-204185985536,-921617162495840,-4847695757158847616,-28340691212377390063392,-179011757448752704107808768,-1199534626316635545932899584480,-8421379710633786481571049621060480
11,-6490,11181159,-29982336384,102499804788425,-408654039915893574,1811678978829088007947,-8680457726078740880046912,44133259360284137995159182876,-235128772303427094722181850865930
3,-6,27,-192,1695,-17064,188454,-2228160,27748899,-360012150
3,-6,27,-192,1695,-17064,188454,-2228160,27748899,-360012150
-4,-32,-756,-27264,-1252040,-67008672,-3986927140,-256351767040,-17489519861976,-1250347053328960
5,-110,6885,-672000,83508575,-12094519140,1947142107715,-338737148734400,62523355202658900,-12092288273835858400
7,-644,171801,-71340864,37754196305,-23296681329642,15983776721912951,-11851718998725330816,9324692402627619606204,-7687727738910484821999170
7,-644,171801,-71340864,37754196305,-23296681329642,15983776721912951,-11851718998725330816,9324692402627619606204,-7687727738910484821999170
5,-110,6885,-672000,83508575,-12094519140,1947142107715,-338737148734400,62523355202658900,-12092288273835858400
-32,-25216,-57601440,-204185985536,-921617162495840,-4847695757158847616,-28340691212377390063392,-179011757448752704107808768,-1199534626316635545932899584480,-8421379710633786481571049621060480
-6,-288,-40338,-8757888,-2423174610,-781757904960,-280428292929288,-108716133619591680,-44722190213861173848,-19278245712836560038720
-6,-288,-40338,-8757888,-2423174610,-781757904960,-280428292929288,-108716133619591680,-44722190213861173848,-19278245712836560038720
-4,-32,-756,-27264,-1252040,-67008672,-3986927140,-256351767040,-17489519861976,-1250347053328960
5,-110,6885,-672000,83508575,-12094519140,1947142107715,-338737148734400,62523355202658900,-12092288273835858400
-8,-1280,-597888,-434054144,-401685456600,-433490796251136,-520183566118648264,-674629646881575636992,-928399765765871170778184,-1338816739107536313152945920
-4,-32,-756,-27264,-1252040,-67008672,-3986927140,-256351767040,-17489519861976,-1250347053328960
-32,-25216,-57601440,-204185985536,-921617162495840,-4847695757158847616,-28340691212377390063392,-179011757448752704107808768,-1199534626316635545932899584480,-8421379710633786481571049621060480
9,-2340,1773009,-2090829888,3143084819175,-5509945745601192,10740410357293409877,-22626896331064970086272,50581094899093748604708840,-118485810026952808530941185230
3,-6,27,-192,1695,-17064,188454,-2228160,27748899,-360012150
-10,-4000,-4675050,-8499459200,-19700057286250,-53249655299804640,-160051064713047449550,-519920176225361681625600,-1792162509914433782659526460,-6473440647540021708395245108000
-110,-690400,-12732898500,-365755300376960,-13396346231807621000,-572177674886086100240640,-27172114904589877836087169710,-1394459613053925058521490943813120,-75929066667647284393189327309989314130,-4332004453144361480803389196317733538208000
-8,-1280,-597888,-434054144,-401685456600,-433490796251136,-520183566118648264,-674629646881575636992,-928399765765871170778184,-1338816739107536313152945920
-8,-1280,-597888,-434054144,-401685456600,-433490796251136,-520183566118648264,-674629646881575636992,-928399765765871170778184,-1338816739107536313152945920
-8,-1280,-597888,-434054144,-401685456600,-433490796251136,-520183566118648264,-674629646881575636992,-928399765765871170778184,-1338816739107536313152945920
-4,-32,-756,-27264,-1252040,-67008672,-3986927140,-256351767040,-17489519861976,-1250347053328960
11,-6490,11181159,-29982336384,102499804788425,-408654039915893574,1811678978829088007947,-8680457726078740880046912,44133259360284137995159182876,-235128772303427094722181850865930
-4,-32,-756,-27264,-1252040,-67008672,-3986927140,-256351767040,-17489519861976,-1250347053328960
-6,-288,-40338,-8757888,-2423174610,-781757904960,-280428292929288,-108716133619591680,-44722190213861173848,-19278245712836560038720
-32,-25216,-57601440,-204185985536,-921617162495840,-4847695757158847616,-28340691212377390063392,-179011757448752704107808768,-1199534626316635545932899584480,-8421379710633786481571049621060480
5,-110,6885,-672000,83508575,-12094519140,1947142107715,-338737148734400,62523355202658900,-12092288273835858400
11,-6490,11181159,-29982336384,102499804788425,-408654039915893574,1811678978829088007947,-8680457726078740880046912,44133259360284137995159182876,-235128772303427094722181850865930
-110,-690400,-12732898500,-365755300376960,-13396346231807621000,-572177674886086100240640,-27172114904589877836087169710,-1394459613053925058521490943813120,-75929066667647284393189327309989314130,-4332004453144361480803389196317733538208000
5,-110,6885,-672000,83508575,-12094519140,1947142107715,-338737148734400,62523355202658900,-12092288273835858400
5,-110,6885,-672000,83508575,-12094519140,1947142107715,-338737148734400,62523355202658900,-12092288273835858400
-12,-10080,-24755868,-94608788352,-460982403830100,-2619520717249048032,-16552244374123501748460,-113039597531209762966261248,-819158459694158893885256804220,-6220461691900110529238981538940320
-8,-1280,-597888,-434054144,-401685456600,-433490796251136,-520183566118648264,-674629646881575636992,-928399765765871170778184,-1338816739107536313152945920
7,-644,171801,-71340864,37754196305,-23296681329642,15983776721912951,-11851718998725330816,9324692402627619606204,-7687727738910484821999170
-4,-32,-756,-27264,-1252040,-67008672,-3986927140,-256351767040,-17489519861976,-1250347053328960
5,-110,6885,-672000,83508575,-12094519140,1947142107715,-338737148734400,62523355202658900,-12092288273835858400
5,-110,6885,-672000,83508575,-12094519140,1947142107715,-338737148734400,62523355202658900,-12092288273835858400
-6,-288,-40338,-8757888,-2423174610,-781757904960,-280428292929288,-108716133619591680,-44722190213861173848,-19278245712836560038720
5,-110,6885,-672000,83508575,-12094519140,1947142107715,-338737148734400,62523355202658900,-12092288273835858400
7,-644,171801,-71340864,37754196305,-23296681329642,15983776721912951,-11851718998725330816,9324692402627619606204,-7687727738910484821999170
-6,-288,-40338,-8757888,-2423174610,-781757904960,-280428292929288,-108716133619591680,-44722190213861173848,-19278245712836560038720
-6,-288,-40338,-8757888,-2423174610,-781757904960,-280428292929288,-108716133619591680,-44722190213861173848,-19278245712836560038720
-32,-25216,-57601440,-204185985536,-921617162495840,-4847695757158847616,-28340691212377390063392,-179011757448752704107808768,-1199534626316635545932899584480,-8421379710633786481571049621060480
-110,-690400,-12732898500,-365755300376960,-13396346231807621000,-572177674886086100240640,-27172114904589877836087169710,-1394459613053925058521490943813120,-75929066667647284393189327309989314130,-4332004453144361480803389196317733538208000
-6,-288,-40338,-8757888,-2423174610,-781757904960,-280428292929288,-108716133619591680,-44722190213861173848,-19278245712836560038720
-8,-1280,-597888,-434054144,-401685456600,-433490796251136,-520183566118648264,-674629646881575636992,-928399765765871170778184,-1338816739107536313152945920
286,-6196718,389455185141,-37979384521517648,4714625699597500762240,-681880710588987882052104750,109593221094598993952834697279216,-19028096780246212404534456609625509760,3504447526111117978829055263727963070192101,-676152083705587757109325359830375698122743228210
-6,-288,-40338,-8757888,-2423174610,-781757904960,-280428292929288,-108716133619591680,-44722190213861173848,-19278245712836560038720
-32,-25216,-57601440,-204185985536,-921617162495840,-4847695757158847616,-28340691212377390063392,-179011757448752704107808768,-1199534626316635545932899584480,-8421379710633786481571049621060480
-12,-10080,-24755868,-94608788352,-460982403830100,-2619520717249048032,-16552244374123501748460,-113039597531209762966261248,-819158459694158893885256804220,-6220461691900110529238981538940320
5,-110,6885,-672000,83508575,-12094519140,1947142107715,-338737148734400,62523355202658900,-12092288273835858400
-110,-690400,-12732898500,-365755300376960,-13396346231807621000,-572177674886086100240640,-27172114904589877836087169710,-1394459613053925058521490943813120,-75929066667647284393189327309989314130,-4332004453144361480803389196317733538208000
5,-110,6885,-672000,83508575,-12094519140,1947142107715,-338737148734400,62523355202658900,-12092288273835858400
-10,-4000,-4675050,-8499459200,-19700057286250,-53249655299804640,-160051064713047449550,-519920176225361681625600,-1792162509914433782659526460,-6473440647540021708395245108000
9,-2340,1773009,-2090829888,3143084819175,-5509945745601192,10740410357293409877,-22626896331064970086272,50581094899093748604708840,-118485810026952808530941185230
-12,-10080,-24755868,-94608788352,-460982403830100,-2619520717249048032,-16552244374123501748460,-113039597531209762966261248,-819158459694158893885256804220,-6220461691900110529238981538940320
-110,-690400,-12732898500,-365755300376960,-13396346231807621000,-572177674886086100240640,-27172114904589877836087169710,-1394459613053925058521490943813120,-75929066667647284393189327309989314130,-4332004453144361480803389196317733538208000
7,-644,171801,-71340864,37754196305,-23296681329642,15983776721912951,-11851718998725330816,9324692402627619606204,-7687727738910484821999170
-8,-1280,-597888,-434054144,-401685456600,-433490796251136,-520183566118648264,-674629646881575636992,-928399765765871170778184,-1338816739107536313152945920
5,-110,6885,-672000,83508575,-12094519140,1947142107715,-338737148734400,62523355202658900,-12092288273835858400
-10,-4000,-4675050,-8499459200,-19700057286250,-53249655299804640,-160051064713047449550,-519920176225361681625600,-1792162509914433782659526460,-6473440647540021708395245108000
-32,-25216,-57601440,-204185985536,-921617162495840,-4847695757158847616,-28340691212377390063392,-179011757448752704107808768,-1199534626316635545932899584480,-8421379710633786481571049621060480
-10,-4000,-4675050,-8499459200,-19700057286250,-53249655299804640,-160051064713047449550,-519920176225361681625600,-1792162509914433782659526460,-6473440647540021708395245108000
-110,-690400,-12732898500,-365755300376960,-13396346231807621000,-572177674886086100240640,-27172114904589877836087169710,-1394459613053925058521490943813120,-75929066667647284393189327309989314130,-4332004453144361480803389196317733538208000
-110,-690400,-12732898500,-365755300376960,-13396346231807621000,-572177674886086100240640,-27172114904589877836087169710,-1394459613053925058521490943813120,-75929066667647284393189327309989314130,-4332004453144361480803389196317733538208000
-10,-4000,-4675050,-8499459200,-19700057286250,-53249655299804640,-160051064713047449550,-519920176225361681625600,-1792162509914433782659526460,-6473440647540021708395245108000
-4,-32,-756,-27264,-1252040,-67008672,-3986927140,-256351767040,-17489519861976,-1250347053328960
-8,-1280,-597888,-434054144,-401685456600,-433490796251136,-520183566118648264,-674629646881575636992,-928399765765871170778184,-1338816739107536313152945920
286,-6196718,389455185141,-37979384521517648,4714625699597500762240,-681880710588987882052104750,109593221094598993952834697279216,-19028096780246212404534456609625509760,3504447526111117978829055263727963070192101,-676152083705587757109325359830375698122743228210
-8,-1280,-597888,-434054144,-401685456600,-433490796251136,-520183566118648264,-674629646881575636992,-928399765765871170778184,-1338816739107536313152945920
7,-644,171801,-71340864,37754196305,-23296681329642,15983776721912951,-11851718998725330816,9324692402627619606204,-7687727738910484821999170
3,-6,27,-192,1695,-17064,188454,-2228160,27748899,-360012150
-6,-288,-40338,-8757888,-2423174610,-781757904960,-280428292929288,-108716133619591680,-44722190213861173848,-19278245712836560038720
-32,-25216,-57601440,-204185985536,-921617162495840,-4847695757158847616,-28340691212377390063392,-179011757448752704107808768,-1199534626316635545932899584480,-8421379710633786481571049621060480
-32,-25216,-57601440,-204185985536,-921617162495840,-4847695757158847616,-28340691212377390063392,-179011757448752704107808768,-1199534626316635545932899584480,-8421379710633786481571049621060480
5,-110,6885,-672000,83508575,-12094519140,1947142107715,-338737148734400,62523355202658900,-12092288273835858400
7,-644,171801,-71340864,37754196305,-23296681329642,15983776721912951,-11851718998725330816,9324692402627619606204,-7687727738910484821999170
9,-2340,1773009,-2090829888,3143084819175,-5509945745601192,10740410357293409877,-22626896331064970086272,50581094899093748604708840,-118485810026952808530941185230
-32,-25216,-57601440,-204185985536,-921617162495840,-4847695757158847616,-28340691212377390063392,-179011757448752704107808768,-1199534626316635545932899584480,-8421379710633786481571049621060480
-10,-4000,-4675050,-8499459200,-19700057286250,-53249655299804640,-160051064713047449550,-519920176225361681625600,-1792162509914433782659526460,-6473440647540021708395245108000
-10,-4000,-4675050,-8499459200,-19700057286250,-53249655299804640,-160051064713047449550,-519920176225361681625600,-1792162509914433782659526460,-6473440647540021708395245108000
286,-6196718,389455185141,-37979384521517648,4714625699597500762240,-681880710588987882052104750,109593221094598993952834697279216,-19028096780246212404534456609625509760,3504447526111117978829055263727963070192101,-676152083705587757109325359830375698122743228210
3,-6,27,-192,1695,-17064,188454,-2228160,27748899,-360012150
-8,-1280,-597888,-434054144,-401685456600,-433490796251136,-520183566118648264,-674629646881575636992,-928399765765871170778184,-1338816739107536313152945920
7,-644,171801,-71340864,37754196305,-23296681329642,15983776721912951,-11851718998725330816,9324692402627619606204,-7687727738910484821999170
-10,-4000,-4675050,-8499459200,-19700057286250,-53249655299804640,-160051064713047449550,-519920176225361681625600,-1792162509914433782659526460,-6473440647540021708395245108000
-10,-4000,-4675050,-8499459200,-19700057286250,-53249655299804640,-160051064713047449550,-519920176225361681625600,-1792162509914433782659526460,-6473440647540021708395245108000
9,-2340,1773009,-2090829888,3143084819175,-5509945745601192,10740410357293409877,-22626896331064970086272,50581094899093748604708840,-118485810026952808530941185230
-6,-288,-40338,-8757888,-2423174610,-781757904960,-280428292929288,-108716133619591680,-44722190213861173848,-19278245712836560038720
-12,-10080,-24755868,-94608788352,-460982403830100,-2619520717249048032,-16552244374123501748460,-113039597531209762966261248,-819158459694158893885256804220,-6220461691900110529238981538940320
-12,-10080,-24755868,-94608788352,-460982403830100,-2619520717249048032,-16552244374123501748460,-113039597531209762966261248,-819158459694158893885256804220,-6220461691900110529238981538940320
5,-110,6885,-672000,83508575,-12094519140,1947142107715,-338737148734400,62523355202658900,-12092288273835858400
-12,-10080,-24755868,-94608788352,-460982403830100,-2619520717249048032,-16552244374123501748460,-113039597531209762966261248,-819158459694158893885256804220,-6220461691900110529238981538940320
7,-644,171801,-71340864,37754196305,-23296681329642,15983776721912951,-11851718998725330816,9324692402627619606204,-7687727738910484821999170
-8,-1280,-597888,-434054144,-401685456600,-433490796251136,-520183566118648264,-674629646881575636992,-928399765765871170778184,-1338816739107536313152945920
-8,-1280,-597888,-434054144,-401685456600,-433490796251136,-520183566118648264,-674629646881575636992,-928399765765871170778184,-1338816739107536313152945920
3,-6,27,-192,1695,-17064,188454,-2228160,27748899,-360012150
-32,-25216,-57601440,-204185985536,-921617162495840,-4847695757158847616,-28340691212377390063392,-179011757448752704107808768,-1199534626316635545932899584480,-8421379710633786481571049621060480
-6,-288,-40338,-8757888,-2423174610,-781757904960,-280428292929288,-108716133619591680,-44722190213861173848,-19278245712836560038720
-12,-10080,-24755868,-94608788352,-460982403830100,-2619520717249048032,-16552244374123501748460,-113039597531209762966261248,-819158459694158893885256804220,-6220461691900110529238981538940320
7,-644,171801,-71340864,37754196305,-23296681329642,15983776721912951,-11851718998725330816,9324692402627619606204,-7687727738910484821999170
35,-28406,74179224,-315757971760,1760470513373355,-11650868416718897184,86816215608149614021421,-705682651936047322932317440,6130473816106166493763697052159,-56127216585230402815515199001701160
-32,-25216,-57601440,-204185985536,-921617162495840,-4847695757158847616,-28340691212377390063392,-179011757448752704107808768,-1199534626316635545932899584480,-8421379710633786481571049621060480
-110,-690400,-12732898500,-365755300376960,-13396346231807621000,-572177674886086100240640,-27172114904589877836087169710,-1394459613053925058521490943813120,-75929066667647284393189327309989314130,-4332004453144361480803389196317733538208000
-6,-288,-40338,-8757888,-2423174610,-781757904960,-280428292929288,-108716133619591680,-44722190213861173848,-19278245712836560038720
7,-644,171801,-71340864,37754196305,-23296681329642,15983776721912951,-11851718998725330816,9324692402627619606204,-7687727738910484821999170
7,-644,171801,-71340864,37754196305,-23296681329642,15983776721912951,-11851718998725330816,9324692402627619606204,-7687727738910484821999170
5,-110,6885,-672000,83508575,-12094519140,1947142107715,-338737148734400,62523355202658900,-12092288273835858400
-12,-10080,-24755868,-94608788352,-460982403830100,-2619520717249048032,-16552244374123501748460,-113039597531209762966261248,-819158459694158893885256804220,-6220461691900110529238981538940320
7,-644,171801,-71340864,37754196305,-23296681329642,15983776721912951,-11851718998725330816,9324692402627619606204,-7687727738910484821999170
-110,-690400,-12732898500,-365755300376960,-13396346231807621000,-572177674886086100240640,-27172114904589877836087169710,-1394459613053925058521490943813120,-75929066667647284393189327309989314130,-4332004453144361480803389196317733538208000
-32,-25216,-57601440,-204185985536,-921617162495840,-4847695757158847616,-28340691212377390063392,-179011757448752704107808768,-1199534626316635545932899584480,-8421379710633786481571049621060480
11,-6490,11181159,-29982336384,102499804788425,-408654039915893574,1811678978829088007947,-8680457726078740880046912,44133259360284137995159182876,-235128772303427094722181850865930
286,-6196718,389455185141,-37979384521517648,4714625699597500762240,-681880710588987882052104750,109593221094598993952834697279216,-19028096780246212404534456609625509760,3504447526111117978829055263727963070192101,-676152083705587757109325359830375698122743228210
-32,-25216,-57601440,-204185985536,-921617162495840,-4847695757158847616,-28340691212377390063392,-179011757448752704107808768,-1199534626316635545932899584480,-8421379710633786481571049621060480
-32,-25216,-57601440,-204185985536,-921617162495840,-4847695757158847616,-28340691212377390063392,-179011757448752704107808768,-1199534626316635545932899584480,-8421379710633786481571049621060480
-32,-25216,-57601440,-204185985536,-921617162495840,-4847695757158847616,-28340691212377390063392,-179011757448752704107808768,-1199534626316635545932899584480,-8421379710633786481571049621060480
5,-110,6885,-672000,83508575,-12094519140,1947142107715,-338737148734400,62523355202658900,-12092288273835858400
-8,-1280,-597888,-434054144,-401685456600,-433490796251136,-520183566118648264,-674629646881575636992,-928399765765871170778184,-1338816739107536313152945920
7,-644,171801,-71340864,37754196305,-23296681329642,15983776721912951,-11851718998725330816,9324692402627619606204,-7687727738910484821999170
5,-110,6885,-672000,83508575,-12094519140,1947142107715,-338737148734400,62523355202658900,-12092288273835858400
7,-644,171801,-71340864,37754196305,-23296681329642,15983776721912951,-11851718998725330816,9324692402627619606204,-7687727738910484821999170
5,-110,6885,-672000,83508575,-12094519140,1947142107715,-338737148734400,62523355202658900,-12092288273835858400
-12,-10080,-24755868,-94608788352,-460982403830100,-2619520717249048032,-16552244374123501748460,-113039597531209762966261248,-819158459694158893885256804220,-6220461691900110529238981538940320
-6,-288,-40338,-8757888,-2423174610,-781757904960,-280428292929288,-108716133619591680,-44722190213861173848,-19278245712836560038720
-12,-10080,-24755868,-94608788352,-460982403830100,-2619520717249048032,-16552244374123501748460,-113039597531209762966261248,-819158459694158893885256804220,-6220461691900110529238981538940320
-6,-288,-40338,-8757888,-2423174610,-781757904960,-280428292929288,-108716133619591680,-44722190213861173848,-19278245712836560038720
-10,-4000,-4675050,-8499459200,-19700057286250,-53249655299804640,-160051064713047449550,-519920176225361681625600,-1792162509914433782659526460,-6473440647540021708395245108000
9,-2340,1773009,-2090829888,3143084819175,-5509945745601192,10740410357293409877,-22626896331064970086272,50581094899093748604708840,-118485810026952808530941185230
-110,-690400,-12732898500,-365755300376960,-13396346231807621000,-572177674886086100240640,-27172114904589877836087169710,-1394459613053925058521490943813120,-75929066667647284393189327309989314130,-4332004453144361480803389196317733538208000
-32,-25216,-57601440,-204185985536,-921617162495840,-4847695757158847616,-28340691212377390063392,-179011757448752704107808768,-1199534626316635545932899584480,-8421379710633786481571049621060480
286,-6196718,389455185141,-37979384521517648,4714625699597500762240,-681880710588987882052104750,109593221094598993952834697279216,-19028096780246212404534456609625509760,3504447526111117978829055263727963070192101,-676152083705587757109325359830375698122743228210
-4,-32,-756,-27264,-1252040,-67008672,-3986927140,-256351767040,-17489519861976,-1250347053328960
-3038,-1611792000,-2479786647762438,-5917360489637346702848,-17968941617362356976251921290,-63560791287862888679640587006676864,-249807300299709944151238820777960838689640,-1060494204790316460963989873281613684740647901184,-4775138006751159867647375480883625909774602646065973932,-22523393210141653987808924246630260556309727609526127970519040
5,-110,6885,-672000,83508575,-12094519140,1947142107715,-338737148734400,62523355202658900,-12092288273835858400
-110,-690400,-12732898500,-365755300376960,-13396346231807621000,-572177674886086100240640,-27172114904589877836087169710,-1394459613053925058521490943813120,-75929066667647284393189327309989314130,-4332004453144361480803389196317733538208000
-6,-288,-40338,-8757888,-2423174610,-781757904960,-280428292929288,-108716133619591680,-44722190213861173848,-19278245712836560038720
286,-6196718,389455185141,-37979384521517648,4714625699597500762240,-681880710588987882052104750,109593221094598993952834697279216,-19028096780246212404534456609625509760,3504447526111117978829055263727963070192101,-676152083705587757109325359830375698122743228210
-32,-25216,-57601440,-204185985536,-921617162495840,-4847695757158847616,-28340691212377390063392,-179011757448752704107808768,-1199534626316635545932899584480,-8421379710633786481571049621060480
-288,-8653440,-764224497216,-105109802802061824,-18431049663105513272640,-3768514166500348660990473600,-856666342941559405607454885514368,-210437424316063173218991398698900948992,-54845124891549185342020390318738003766079744,-14976802867628500282753765640208890097065010071040
-8,-1280,-597888,-434054144,-401685456600,-433490796251136,-520183566118648264,-674629646881575636992,-928399765765871170778184,-1338816739107536313152945920
7,-644,171801,-71340864,37754196305,-23296681329642,15983776721912951,-11851718998725330816,9324692402627619606204,-7687727738910484821999170
-32,-25216,-57601440,-204185985536,-921617162495840,-4847695757158847616,-28340691212377390063392,-179011757448752704107808768,-1199534626316635545932899584480,-8421379710633786481571049621060480
-8,-1280,-597888,-434054144,-401685456600,-433490796251136,-520183566118648264,-674629646881575636992,-928399765765871170778184,-1338816739107536313152945920
-10,-4000,-4675050,-8499459200,-19700057286250,-53249655299804640,-160051064713047449550,-519920176225361681625600,-1792162509914433782659526460,-6473440647540021708395245108000
9,-2340,1773009,-2090829888,3143084819175,-5509945745601192,10740410357293409877,-22626896331064970086272,50581094899093748604708840,-118485810026952808530941185230
7,-644,171801,-71340864,37754196305,-23296681329642,15983776721912951,-11851718998725330816,9324692402627619606204,-7687727738910484821999170
-6,-288,-40338,-8757888,-2423174610,-781757904960,-280428292929288,-108716133619591680,-44722190213861173848,-19278245712836560038720
-110,-690400,-12732898500,-365755300376960,-13396346231807621000,-572177674886086100240640,-27172114904589877836087169710,-1394459613053925058521490943813120,-75929066667647284393189327309989314130,-4332004453144361480803389196317733538208000
9,-2340,1773009,-2090829888,3143084819175,-5509945745601192,10740410357293409877,-22626896331064970086272,50581094899093748604708840,-118485810026952808530941185230
-10,-4000,-4675050,-8499459200,-19700057286250,-53249655299804640,-160051064713047449550,-519920176225361681625600,-1792162509914433782659526460,-6473440647540021708395245108000
9,-2340,1773009,-2090829888,3143084819175,-5509945745601192,10740410357293409877,-22626896331064970086272,50581094899093748604708840,-118485810026952808530941185230
-12,-10080,-24755868,-94608788352,-460982403830100,-2619520717249048032,-16552244374123501748460,-113039597531209762966261248,-819158459694158893885256804220,-6220461691900110529238981538940320
-10,-4000,-4675050,-8499459200,-19700057286250,-53249655299804640,-160051064713047449550,-519920176225361681625600,-1792162509914433782659526460,-6473440647540021708395245108000
-8,-1280,-597888,-434054144,-401685456600,-433490796251136,-520183566118648264,-674629646881575636992,-928399765765871170778184,-1338816739107536313152945920
-110,-690400,-12732898500,-365755300376960,-13396346231807621000,-572177674886086100240640,-27172114904589877836087169710,-1394459613053925058521490943813120,-75929066667647284393189327309989314130,-4332004453144361480803389196317733538208000
135,-1086318,28435372542,-1216181215430064,68193264356625962745,-4540676410166495710647132,340490163529472610366913265415,-27855124236605132343148828462041600,2435626709938924912388859041808692004168,-224454569362480017774496526359833716387775750
7,-644,171801,-71340864,37754196305,-23296681329642,15983776721912951,-11851718998725330816,9324692402627619606204,-7687727738910484821999170
1651,-411533226,300835618097859,-342170457820246009968,495932612630016667979494725,-837878626444815068582869601166108,1573510930035923196473743182773371727807,-3192733047829721642241771515148029222741609600,6872425911390275688337844299537941917701928861984964,-15498348126472790409517439759945315020756110238325297836520
9,-2340,1773009,-2090829888,3143084819175,-5509945745601192,10740410357293409877,-22626896331064970086272,50581094899093748604708840,-118485810026952808530941185230
-6,-288,-40338,-8757888,-2423174610,-781757904960,-280428292929288,-108716133619591680,-44722190213861173848,-19278245712836560038720
7,-644,171801,-71340864,37754196305,-23296681329642,15983776721912951,-11851718998725330816,9324692402627619606204,-7687727738910484821999170
-3038,-1611792000,-2479786647762438,-5917360489637346702848,-17968941617362356976251921290,-63560791287862888679640587006676864,-249807300299709944151238820777960838689640,-1060494204790316460963989873281613684740647901184,-4775138006751159867647375480883625909774602646065973932,-22523393210141653987808924246630260556309727609526127970519040
-110,-690400,-12732898500,-365755300376960,-13396346231807621000,-572177674886086100240640,-27172114904589877836087169710,-1394459613053925058521490943813120,-75929066667647284393189327309989314130,-4332004453144361480803389196317733538208000
9,-2340,1773009,-2090829888,3143084819175,-5509945745601192,10740410357293409877,-22626896331064970086272,50581094899093748604708840,-118485810026952808530941185230
-8,-1280,-597888,-434054144,-401685456600,-433490796251136,-520183566118648264,-674629646881575636992,-928399765765871170778184,-1338816739107536313152945920
11,-6490,11181159,-29982336384,102499804788425,-408654039915893574,1811678978829088007947,-8680457726078740880046912,44133259360284137995159182876,-235128772303427094722181850865930
-110,-690400,-12732898500,-365755300376960,-13396346231807621000,-572177674886086100240640,-27172114904589877836087169710,-1394459613053925058521490943813120,-75929066667647284393189327309989314130,-4332004453144361480803389196317733538208000
-110,-690400,-12732898500,-365755300376960,-13396346231807621000,-572177674886086100240640,-27172114904589877836087169710,-1394459613053925058521490943813120,-75929066667647284393189327309989314130,-4332004453144361480803389196317733538208000
286,-6196718,389455185141,-37979384521517648,4714625699597500762240,-681880710588987882052104750,109593221094598993952834697279216,-19028096780246212404534456609625509760,3504447526111117978829055263727963070192101,-676152083705587757109325359830375698122743228210
286,-6196718,389455185141,-37979384521517648,4714625699597500762240,-681880710588987882052104750,109593221094598993952834697279216,-19028096780246212404534456609625509760,3504447526111117978829055263727963070192101,-676152083705587757109325359830375698122743228210
9,-2340,1773009,-2090829888,3143084819175,-5509945745601192,10740410357293409877,-22626896331064970086272,50581094899093748604708840,-118485810026952808530941185230
-3038,-1611792000,-2479786647762438,-5917360489637346702848,-17968941617362356976251921290,-63560791287862888679640587006676864,-249807300299709944151238820777960838689640,-1060494204790316460963989873281613684740647901184,-4775138006751159867647375480883625909774602646065973932,-22523393210141653987808924246630260556309727609526127970519040
9,-2340,1773009,-2090829888,3143084819175,-5509945745601192,10740410357293409877,-22626896331064970086272,50581094899093748604708840,-118485810026952808530941185230
7,-644,171801,-71340864,37754196305,-23296681329642,15983776721912951,-11851718998725330816,9324692402627619606204,-7687727738910484821999170
9,-2340,1773009,-2090829888,3143084819175,-5509945745601192,10740410357293409877,-22626896331064970086272,50581094899093748604708840,-118485810026952808530941185230
-32,-25216,-57601440,-204185985536,-921617162495840,-4847695757158847616,-28340691212377390063392,-179011757448752704107808768,-1199534626316635545932899584480,-8421379710633786481571049621060480
-110,-690400,-12732898500,-365755300376960,-13396346231807621000,-572177674886086100240640,-27172114904589877836087169710,-1394459613053925058521490943813120,-75929066667647284393189327309989314130,-4332004453144361480803389196317733538208000
-32,-25216,-57601440,-204185985536,-921617162495840,-4847695757158847616,-28340691212377390063392,-179011757448752704107808768,-1199534626316635545932899584480,-8421379710633786481571049621060480
5,-110,6885,-672000,83508575,-12094519140,1947142107715,-338737148734400,62523355202658900,-12092288273835858400
-12,-10080,-24755868,-94608788352,-460982403830100,-2619520717249048032,-16552244374123501748460,-113039597531209762966261248,-819158459694158893885256804220,-6220461691900110529238981538940320
-8,-1280,-597888,-434054144,-401685456600,-433490796251136,-520183566118648264,-674629646881575636992,-928399765765871170778184,-1338816739107536313152945920
-3038,-1611792000,-2479786647762438,-5917360489637346702848,-17968941617362356976251921290,-63560791287862888679640587006676864,-249807300299709944151238820777960838689640,-1060494204790316460963989873281613684740647901184,-4775138006751159867647375480883625909774602646065973932,-22523393210141653987808924246630260556309727609526127970519040
-32,-25216,-57601440,-204185985536,-921617162495840,-4847695757158847616,-28340691212377390063392,-179011757448752704107808768,-1199534626316635545932899584480,-8421379710633786481571049621060480
-12,-10080,-24755868,-94608788352,-460982403830100,-2619520717249048032,-16552244374123501748460,-113039597531209762966261248,-819158459694158893885256804220,-6220461691900110529238981538940320
-10,-4000,-4675050,-8499459200,-19700057286250,-53249655299804640,-160051064713047449550,-519920176225361681625600,-1792162509914433782659526460,-6473440647540021708395245108000
11,-6490,11181159,-29982336384,102499804788425,-408654039915893574,1811678978829088007947,-8680457726078740880046912,44133259360284137995159182876,-235128772303427094722181850865930
-8,-1280,-597888,-434054144,-401685456600,-433490796251136,-520183566118648264,-674629646881575636992,-928399765765871170778184,-1338816739107536313152945920
11,-6490,11181159,-29982336384,102499804788425,-408654039915893574,1811678978829088007947,-8680457726078740880046912,44133259360284137995159182876,-235128772303427094722181850865930
-10,-4000,-4675050,-8499459200,-19700057286250,-53249655299804640,-160051064713047449550,-519920176225361681625600,-1792162509914433782659526460,-6473440647540021708395245108000
7,-644,171801,-71340864,37754196305,-23296681329642,15983776721912951,-11851718998725330816,9324692402627619606204,-7687727738910484821999170
-110,-690400,-12732898500,-365755300376960,-13396346231807621000,-572177674886086100240640,-27172114904589877836087169710,-1394459613053925058521490943813120,-75929066667647284393189327309989314130,-4332004453144361480803389196317733538208000
11,-6490,11181159,-29982336384,102499804788425,-408654039915893574,1811678978829088007947,-8680457726078740880046912,44133259360284137995159182876,-235128772303427094722181850865930
-12,-10080,-24755868,-94608788352,-460982403830100,-2619520717249048032,-16552244374123501748460,-113039597531209762966261248,-819158459694158893885256804220,-6220461691900110529238981538940320
-8,-1280,-597888,-434054144,-401685456600,-433490796251136,-520183566118648264,-674629646881575636992,-928399765765871170778184,-1338816739107536313152945920
7,-644,171801,-71340864,37754196305,-23296681329642,15983776721912951,-11851718998725330816,9324692402627619606204,-7687727738910484821999170
-110,-690400,-12732898500,-365755300376960,-13396346231807621000,-572177674886086100240640,-27172114904589877836087169710,-1394459613053925058521490943813120,-75929066667647284393189327309989314130,-4332004453144361480803389196317733538208000
-110,-690400,-12732898500,-365755300376960,-13396346231807621000,-572177674886086100240640,-27172114904589877836087169710,-1394459613053925058521490943813120,-75929066667647284393189327309989314130,-4332004453144361480803389196317733538208000
7,-644,171801,-71340864,37754196305,-23296681329642,15983776721912951,-11851718998725330816,9324692402627619606204,-7687727738910484821999170
-10,-4000,-4675050,-8499459200,-19700057286250,-53249655299804640,-160051064713047449550,-519920176225361681625600,-1792162509914433782659526460,-6473440647540021708395245108000
-32,-25216,-57601440,-204185985536,-921617162495840,-4847695757158847616,-28340691212377390063392,-179011757448752704107808768,-1199534626316635545932899584480,-8421379710633786481571049621060480
-8,-1280,-597888,-434054144,-401685456600,-433490796251136,-520183566118648264,-674629646881575636992,-928399765765871170778184,-1338816739107536313152945920
286,-6196718,389455185141,-37979384521517648,4714625699597500762240,-681880710588987882052104750,109593221094598993952834697279216,-19028096780246212404534456609625509760,3504447526111117978829055263727963070192101,-676152083705587757109325359830375698122743228210
-32,-25216,-57601440,-204185985536,-921617162495840,-4847695757158847616,-28340691212377390063392,-179011757448752704107808768,-1199534626316635545932899584480,-8421379710633786481571049621060480
-4,-32,-756,-27264,-1252040,-67008672,-3986927140,-256351767040,-17489519861976,-1250347053328960
-110,-690400,-12732898500,-365755300376960,-13396346231807621000,-572177674886086100240640,-27172114904589877836087169710,-1394459613053925058521490943813120,-75929066667647284393189327309989314130,-4332004453144361480803389196317733538208000
3,-6,27,-192,1695,-17064,188454,-2228160,27748899,-360012150
-4,-32,-756,-27264,-1252040,-67008672,-3986927140,-256351767040,-17489519861976,-1250347053328960
5,-110,6885,-672000,83508575,-12094519140,1947142107715,-338737148734400,62523355202658900,-12092288273835858400
7,-644,171801,-71340864,37754196305,-23296681329642,15983776721912951,-11851718998725330816,9324692402627619606204,-7687727738910484821999170
-8,-1280,-597888,-434054144,-401685456600,-433490796251136,-520183566118648264,-674629646881575636992,-928399765765871170778184,-1338816739107536313152945920
-10,-4000,-4675050,-8499459200,-19700057286250,-53249655299804640,-160051064713047449550,-519920176225361681625600,-1792162509914433782659526460,-6473440647540021708395245108000
9,-2340,1773009,-2090829888,3143084819175,-5509945745601192,10740410357293409877,-22626896331064970086272,50581094899093748604708840,-118485810026952808530941185230
-110,-690400,-12732898500,-365755300376960,-13396346231807621000,-572177674886086100240640,-27172114904589877836087169710,-1394459613053925058521490943813120,-75929066667647284393189327309989314130,-4332004453144361480803389196317733538208000
11,-6490,11181159,-29982336384,102499804788425,-408654039915893574,1811678978829088007947,-8680457726078740880046912,44133259360284137995159182876,-235128772303427094722181850865930
-32,-25216,-57601440,-204185985536,-921617162495840,-4847695757158847616,-28340691212377390063392,-179011757448752704107808768,-1199534626316635545932899584480,-8421379710633786481571049621060480
9,-2340,1773009,-2090829888,3143084819175,-5509945745601192,10740410357293409877,-22626896331064970086272,50581094899093748604708840,-118485810026952808530941185230
7,-644,171801,-71340864,37754196305,-23296681329642,15983776721912951,-11851718998725330816,9324692402627619606204,-7687727738910484821999170
11,-6490,11181159,-29982336384,102499804788425,-408654039915893574,1811678978829088007947,-8680457726078740880046912,44133259360284137995159182876,-235128772303427094722181850865930
-3038,-1611792000,-2479786647762438,-5917360489637346702848,-17968941617362356976251921290,-63560791287862888679640587006676864,-249807300299709944151238820777960838689640,-1060494204790316460963989873281613684740647901184,-4775138006751159867647375480883625909774602646065973932,-22523393210141653987808924246630260556309727609526127970519040
-10,-4000,-4675050,-8499459200,-19700057286250,-53249655299804640,-160051064713047449550,-519920176225361681625600,-1792162509914433782659526460,-6473440647540021708395245108000
-8,-1280,-597888,-434054144,-401685456600,-433490796251136,-520183566118648264,-674629646881575636992,-928399765765871170778184,-1338816739107536313152945920
9,-2340,1773009,-2090829888,3143084819175,-5509945745601192,10740410357293409877,-22626896331064970086272,50581094899093748604708840,-118485810026952808530941185230
11,-6490,11181159,-29982336384,102499804788425,-408654039915893574,1811678978829088007947,-8680457726078740880046912,44133259360284137995159182876,-235128772303427094722181850865930
-3038,-1611792000,-2479786647762438,-5917360489637346702848,-17968941617362356976251921290,-63560791287862888679640587006676864,-249807300299709944151238820777960838689640,-1060494204790316460963989873281613684740647901184,-4775138006751159867647375480883625909774602646065973932,-22523393210141653987808924246630260556309727609526127970519040
11,-6490,11181159,-29982336384,102499804788425,-408654039915893574,1811678978829088007947,-8680457726078740880046912,44133259360284137995159182876,-235128772303427094722181850865930
-12,-10080,-24755868,-94608788352,-460982403830100,-2619520717249048032,-16552244374123501748460,-113039597531209762966261248,-819158459694158893885256804220,-6220461691900110529238981538940320
9,-2340,1773009,-2090829888,3143084819175,-5509945745601192,10740410357293409877,-22626896331064970086272,50581094899093748604708840,-118485810026952808530941185230
35870,-436925483986,15424053219882815895,-844137069694693221335490352,58774958525193043683835489936194835,-4766137747218393852667658082899091634877256,429373282923844569395041897039579647887692892329788,-41778236332455110390654346553578807843887706877309201737856,4311301341911283473080320478974740828629580779829658044769635148441,-466028215531967666279399871481007764132438299270808479720220544871600445120
-110,-690400,-12732898500,-365755300376960,-13396346231807621000,-572177674886086100240640,-27172114904589877836087169710,-1394459613053925058521490943813120,-75929066667647284393189327309989314130,-4332004453144361480803389196317733538208000
-12,-10080,-24755868,-94608788352,-460982403830100,-2619520717249048032,-16552244374123501748460,-113039597531209762966261248,-819158459694158893885256804220,-6220461691900110529238981538940320
-146718,-10989557998848,-2422427675512174704810,-831196210751816752911628984320,-363439594246631720396067239089215080430,-185230056367894398604012830475341805360190934528,-104927028125595344587527878361897611780021619293651839092,-64214909095797318166522990218685606244494321747285693008935583744,-41687995470053178962491642198298955175723927383636561338260202487719380686,-28352394513342191977055521219152973791735268833461695191332813617628156911059784320
-12,-10080,-24755868,-94608788352,-460982403830100,-2619520717249048032,-16552244374123501748460,-113039597531209762966261248,-819158459694158893885256804220,-6220461691900110529238981538940320
286,-6196718,389455185141,-37979384521517648,4714625699597500762240,-681880710588987882052104750,109593221094598993952834697279216,-19028096780246212404534456609625509760,3504447526111117978829055263727963070192101,-676152083705587757109325359830375698122743228210
-32,-25216,-57601440,-204185985536,-921617162495840,-4847695757158847616,-28340691212377390063392,-179011757448752704107808768,-1199534626316635545932899584480,-8421379710633786481571049621060480
-12,-10080,-24755868,-94608788352,-460982403830100,-2619520717249048032,-16552244374123501748460,-113039597531209762966261248,-819158459694158893885256804220,-6220461691900110529238981538940320
-110,-690400,-12732898500,-365755300376960,-13396346231807621000,-572177674886086100240640,-27172114904589877836087169710,-1394459613053925058521490943813120,-75929066667647284393189327309989314130,-4332004453144361480803389196317733538208000
7,-644,171801,-71340864,37754196305,-23296681329642,15983776721912951,-11851718998725330816,9324692402627619606204,-7687727738910484821999170
392084,-90933675369002,61815373982293749073578,-65334999615307085374386862873760,87952613039491359855375740328282684599035,-137969044167009928033884909886900146537814118022966,240512404129673908004343201174544374929868124314170607173367,-452915140832664104258924018020275741154064874002784155262996381483200,904665965207394188684097225639181923638591995888426028459313437437015619617317,-1892943970561240701021904512916916613072985574539688338622630406367259537061612395818710
-8,-1280,-597888,-434054144,-401685456600,-433490796251136,-520183566118648264,-674629646881575636992,-928399765765871170778184,-1338816739107536313152945920
-110,-690400,-12732898500,-365755300376960,-13396346231807621000,-572177674886086100240640,-27172114904589877836087169710,-1394459613053925058521490943813120,-75929066667647284393189327309989314130,-4332004453144361480803389196317733538208000
-110,-690400,-12732898500,-365755300376960,-13396346231807621000,-572177674886086100240640,-27172114904589877836087169710,-1394459613053925058521490943813120,-75929066667647284393189327309989314130,-4332004453144361480803389196317733538208000
-10,-4000,-4675050,-8499459200,-19700057286250,-53249655299804640,-160051064713047449550,-519920176225361681625600,-1792162509914433782659526460,-6473440647540021708395245108000
9,-2340,1773009,-2090829888,3143084819175,-5509945745601192,10740410357293409877,-22626896331064970086272,50581094899093748604708840,-118485810026952808530941185230
-3038,-1611792000,-2479786647762438,-5917360489637346702848,-17968941617362356976251921290,-63560791287862888679640587006676864,-249807300299709944151238820777960838689640,-1060494204790316460963989873281613684740647901184,-4775138006751159867647375480883625909774602646065973932,-22523393210141653987808924246630260556309727609526127970519040
9,-2340,1773009,-2090829888,3143084819175,-5509945745601192,10740410357293409877,-22626896331064970086272,50581094899093748604708840,-118485810026952808530941185230
-6,-288,-40338,-8757888,-2423174610,-781757904960,-280428292929288,-108716133619591680,-44722190213861173848,-19278245712836560038720
-10,-4000,-4675050,-8499459200,-19700057286250,-53249655299804640,-160051064713047449550,-519920176225361681625600,-1792162509914433782659526460,-6473440647540021708395245108000
9,-2340,1773009,-2090829888,3143084819175,-5509945745601192,10740410357293409877,-22626896331064970086272,50581094899093748604708840,-118485810026952808530941185230
-10,-4000,-4675050,-8499459200,-19700057286250,-53249655299804640,-160051064713047449550,-519920176225361681625600,-1792162509914433782659526460,-6473440647540021708395245108000
11,-6490,11181159,-29982336384,102499804788425,-408654039915893574,1811678978829088007947,-8680457726078740880046912,44133259360284137995159182876,-235128772303427094722181850865930
-454880,-122096175440640,-94910547364807981361760,-114334641138012476624164143360000,-175187622243831984047629455465583688119200,-312576864635976508075519836926882636611992445854720,-619523110952145931491855608074135734681655926781196658663840,-1326081975809156271714093842106348848759489130381957543726792962252800,-3010232886070476358294897805576967468380844161117115517701100665203490692858400,-7157389687735810749830765950391065852670432336810808936523823569649095917050136383225600
11,-6490,11181159,-29982336384,102499804788425,-408654039915893574,1811678978829088007947,-8680457726078740880046912,44133259360284137995159182876,-235128772303427094722181850865930
-12,-10080,-24755868,-94608788352,-460982403830100,-2619520717249048032,-16552244374123501748460,-113039597531209762966261248,-819158459694158893885256804220,-6220461691900110529238981538940320
-6,-288,-40338,-8757888,-2423174610,-781757904960,-280428292929288,-108716133619591680,-44722190213861173848,-19278245712836560038720
11,-6490,11181159,-29982336384,102499804788425,-408654039915893574,1811678978829088007947,-8680457726078740880046912,44133259360284137995159182876,-235128772303427094722181850865930
9,-2340,1773009,-2090829888,3143084819175,-5509945745601192,10740410357293409877,-22626896331064970086272,50581094899093748604708840,-118485810026952808530941185230
-10,-4000,-4675050,-8499459200,-19700057286250,-53249655299804640,-160051064713047449550,-519920176225361681625600,-1792162509914433782659526460,-6473440647540021708395245108000
-3038,-1611792000,-2479786647762438,-5917360489637346702848,-17968941617362356976251921290,-63560791287862888679640587006676864,-249807300299709944151238820777960838689640,-1060494204790316460963989873281613684740647901184,-4775138006751159867647375480883625909774602646065973932,-22523393210141653987808924246630260556309727609526127970519040
-32,-25216,-57601440,-204185985536,-921617162495840,-4847695757158847616,-28340691212377390063392,-179011757448752704107808768,-1199534626316635545932899584480,-8421379710633786481571049621060480
-6,-288,-40338,-8757888,-2423174610,-781757904960,-280428292929288,-108716133619591680,-44722190213861173848,-19278245712836560038720
-110,-690400,-12732898500,-365755300376960,-13396346231807621000,-572177674886086100240640,-27172114904589877836087169710,-1394459613053925058521490943813120,-75929066667647284393189327309989314130,-4332004453144361480803389196317733538208000
9,-2340,1773009,-2090829888,3143084819175,-5509945745601192,10740410357293409877,-22626896331064970086272,50581094899093748604708840,-118485810026952808530941185230
6073311,-34914623227595586,580879482231260571195929121,-14971257692100612623395612450514633280,490683702939526315132435648548054833420622869320,-18724666327168765626731922560577301636432213825433951912148,793657426047969457581621927301710210854666764840064129870558212319288,-36327414104675125177884732962540612209036448482368094220292442278796900302221120,1763315810189504129193877341432626161780849541581678442504870253090193088937950231994890610,-89646388577055326738604322338765080536273918289261296124723074676261451475123357253635990062998949360
-12,-10080,-24755868,-94608788352,-460982403830100,-2619520717249048032,-16552244374123501748460,-113039597531209762966261248,-819158459694158893885256804220,-6220461691900110529238981538940320
-12,-10080,-24755868,-94608788352,-460982403830100,-2619520717249048032,-16552244374123501748460,-113039597531209762966261248,-819158459694158893885256804220,-6220461691900110529238981538940320
-6,-288,-40338,-8757888,-2423174610,-781757904960,-280428292929288,-108716133619591680,-44722190213861173848,-19278245712836560038720
11,-6490,11181159,-29982336384,102499804788425,-408654039915893574,1811678978829088007947,-8680457726078740880046912,44133259360284137995159182876,-235128772303427094722181850865930
-6,-288,-40338,-8757888,-2423174610,-781757904960,-280428292929288,-108716133619591680,-44722190213861173848,-19278245712836560038720
11,-6490,11181159,-29982336384,102499804788425,-408654039915893574,1811678978829088007947,-8680457726078740880046912,44133259360284137995159182876,-235128772303427094722181850865930
-10,-4000,-4675050,-8499459200,-19700057286250,-53249655299804640,-160051064713047449550,-519920176225361681625600,-1792162509914433782659526460,-6473440647540021708395245108000
-12,-10080,-24755868,-94608788352,-460982403830100,-2619520717249048032,-16552244374123501748460,-113039597531209762966261248,-819158459694158893885256804220,-6220461691900110529238981538940320
-84302270,-10165599869937732480,-3545065018683053002955995567416,-1914545777849093085447374901145159816791552,-1314610102860305407703499195118360141920015156772577430,-1050861022247422476146999246832296035553546448002176572880722539136,-932962709195433304433467055321678713298806418223607125082845206409119045553290,-894416023731083368481643053608658685887810428420775796354849959632430417424334540197795840,-909262460553264565794229409704357264297029103157884578956704311528953189335951132157252759791669343784,-968122969935001872285828088358406978061828708567493328990761100615700889950018704242892639310482731181509587073280
-12,-10080,-24755868,-94608788352,-460982403830100,-2619520717249048032,-16552244374123501748460,-113039597531209762966261248,-819158459694158893885256804220,-6220461691900110529238981538940320
11,-6490,11181159,-29982336384,102499804788425,-408654039915893574,1811678978829088007947,-8680457726078740880046912,44133259360284137995159182876,-235128772303427094722181850865930
-8,-1280,-597888,-434054144,-401685456600,-433490796251136,-520183566118648264,-674629646881575636992,-928399765765871170778184,-1338816739107536313152945920
11,-6490,11181159,-29982336384,102499804788425,-408654039915893574,1811678978829088007947,-8680457726078740880046912,44133259360284137995159182876,-235128772303427094722181850865930
-8,-1280,-597888,-434054144,-401685456600,-433490796251136,-520183566118648264,-674629646881575636992,-928399765765871170778184,-1338816739107536313152945920
-8,-1280,-597888,-434054144,-401685456600,-433490796251136,-520183566118648264,-674629646881575636992,-928399765765871170778184,-1338816739107536313152945920
-110,-690400,-12732898500,-365755300376960,-13396346231807621000,-572177674886086100240640,-27172114904589877836087169710,-1394459613053925058521490943813120,-75929066667647284393189327309989314130,-4332004453144361480803389196317733538208000
-32,-25216,-57601440,-204185985536,-921617162495840,-4847695757158847616,-28340691212377390063392,-179011757448752704107808768,-1199534626316635545932899584480,-8421379710633786481571049621060480
-12,-10080,-24755868,-94608788352,-460982403830100,-2619520717249048032,-16552244374123501748460,-113039597531209762966261248,-819158459694158893885256804220,-6220461691900110529238981538940320
-8,-1280,-597888,-434054144,-401685456600,-433490796251136,-520183566118648264,-674629646881575636992,-928399765765871170778184,-1338816739107536313152945920
-10,-4000,-4675050,-8499459200,-19700057286250,-53249655299804640,-160051064713047449550,-519920176225361681625600,-1792162509914433782659526460,-6473440647540021708395245108000
-8,-1280,-597888,-434054144,-401685456600,-433490796251136,-520183566118648264,-674629646881575636992,-928399765765871170778184,-1338816739107536313152945920
-4,-32,-756,-27264,-1252040,-67008672,-3986927140,-256351767040,-17489519861976,-1250347053328960
-110,-690400,-12732898500,-365755300376960,-13396346231807621000,-572177674886086100240640,-27172114904589877836087169710,-1394459613053925058521490943813120,-75929066667647284393189327309989314130,-4332004453144361480803389196317733538208000
-10,-4000,-4675050,-8499459200,-19700057286250,-53249655299804640,-160051064713047449550,-519920176225361681625600,-1792162509914433782659526460,-6473440647540021708395245108000
-10,-4000,-4675050,-8499459200,-19700057286250,-53249655299804640,-160051064713047449550,-519920176225361681625600,-1792162509914433782659526460,-6473440647540021708395245108000
-110,-690400,-12732898500,-365755300376960,-13396346231807621000,-572177674886086100240640,-27172114904589877836087169710,-1394459613053925058521490943813120,-75929066667647284393189327309989314130,-4332004453144361480803389196317733538208000
-110,-690400,-12732898500,-365755300376960,-13396346231807621000,-572177674886086100240640,-27172114904589877836087169710,-1394459613053925058521490943813120,-75929066667647284393189327309989314130,-4332004453144361480803389196317733538208000
-12,-10080,-24755868,-94608788352,-460982403830100,-2619520717249048032,-16552244374123501748460,-113039597531209762966261248,-819158459694158893885256804220,-6220461691900110529238981538940320
-110,-690400,-12732898500,-365755300376960,-13396346231807621000,-572177674886086100240640,-27172114904589877836087169710,-1394459613053925058521490943813120,-75929066667647284393189327309989314130,-4332004453144361480803389196317733538208000
-10,-4000,-4675050,-8499459200,-19700057286250,-53249655299804640,-160051064713047449550,-519920176225361681625600,-1792162509914433782659526460,-6473440647540021708395245108000
-10,-4000,-4675050,-8499459200,-19700057286250,-53249655299804640,-160051064713047449550,-519920176225361681625600,-1792162509914433782659526460,-6473440647540021708395245108000
-12,-10080,-24755868,-94608788352,-460982403830100,-2619520717249048032,-16552244374123501748460,-113039597531209762966261248,-819158459694158893885256804220,-6220461691900110529238981538940320
-12,-10080,-24755868,-94608788352,-460982403830100,-2619520717249048032,-16552244374123501748460,-113039597531209762966261248,-819158459694158893885256804220,-6220461691900110529238981538940320
-12,-10080,-24755868,-94608788352,-460982403830100,-2619520717249048032,-16552244374123501748460,-113039597531209762966261248,-819158459694158893885256804220,-6220461691900110529238981538940320
-6,-288,-40338,-8757888,-2423174610,-781757904960,-280428292929288,-108716133619591680,-44722190213861173848,-19278245712836560038720
-12,-10080,-24755868,-94608788352,-460982403830100,-2619520717249048032,-16552244374123501748460,-113039597531209762966261248,-819158459694158893885256804220,-6220461691900110529238981538940320
-6,-288,-40338,-8757888,-2423174610,-781757904960,-280428292929288,-108716133619591680,-44722190213861173848,-19278245712836560038720
-8,-1280,-597888,-434054144,-401685456600,-433490796251136,-520183566118648264,-674629646881575636992,-928399765765871170778184,-1338816739107536313152945920
-8,-1280,-597888,-434054144,-401685456600,-433490796251136,-520183566118648264,-674629646881575636992,-928399765765871170778184,-1338816739107536313152945920
-10,-4000,-4675050,-8499459200,-19700057286250,-53249655299804640,-160051064713047449550,-519920176225361681625600,-1792162509914433782659526460,-6473440647540021708395245108000
-110,-690400,-12732898500,-365755300376960,-13396346231807621000,-572177674886086100240640,-27172114904589877836087169710,-1394459613053925058521490943813120,-75929066667647284393189327309989314130,-4332004453144361480803389196317733538208000
-110,-690400,-12732898500,-365755300376960,-13396346231807621000,-572177674886086100240640,-27172114904589877836087169710,-1394459613053925058521490943813120,-75929066667647284393189327309989314130,-4332004453144361480803389196317733538208000
-12,-10080,-24755868,-94608788352,-460982403830100,-2619520717249048032,-16552244374123501748460,-113039597531209762966261248,-819158459694158893885256804220,-6220461691900110529238981538940320
-10,-4000,-4675050,-8499459200,-19700057286250,-53249655299804640,-160051064713047449550,-519920176225361681625600,-1792162509914433782659526460,-6473440647540021708395245108000
-12,-10080,-24755868,-94608788352,-460982403830100,-2619520717249048032,-16552244374123501748460,-113039597531209762966261248,-819158459694158893885256804220,-6220461691900110529238981538940320
